9237651840
9237165480
9213567480
9213675840
9213756480
9216573840
9273651480
9276153840
9276531840
9261537480
9267315840
9258417360
9531267840
9531726480
9534768120
9537126840
9537618240
9537681240
9543618720
9543681720
9546378120
9546138720
9546831720
9513276840
9513672480
9513768240
9516348720
9516237840
9573126480
9573648120
9573612840
9576321840
9576483120
9576132840
9576183240
9576213480
9576813240
9561738240
9561372840
9561327480
9561483720
9564873120
9564381720
9564318720
9567312480
9567123480
9567231840
9567834120
9528417360
9621537480
9627315840
9645783120
9648315720
9612573480
9615327840
9615378240
9615438720
9615723480
9684537120
9687435120
9687513240
9687135240
9672153480
9672135840
9672513840
9672531480
9678345120
9678534120
9675384120
9657834120
9657123480
9657312480
9657231840
9654873120
9654381720
9654318720
9651372840
9651327480
9651483720
9651738240
9753648120
9753612840
9753126480
9756132840
9756183240
9756321840
9756483120
9756213480
9756813240
9726153840
9726531840
9723651480
9732615480
9732156840
9735168240
9735261480
9735468120
9735621840
9735861240
9735846120
9783516240
9783564120
9786351240
9768345120
9768534120
9762531480
9762513840
9762153480
9762135840
9765384120
9864537120
9867435120
9867513240
9867135240
9831546720
9831675240
9837456120
9837645120
9837156240
9843156720
9846357120
9846735120
9816453720
9873516240
9873564120
9876351240
9162573480
9165723480
9165438720
9165378240
9165327840
9156348720
9156237840
9153276840
9153768240
9153672480
9126573840
9123567480
9123756480
9123675840
9138675240
9138546720
9132765840
9132657480
9132576840
9135726840
9135648720
9147528360
9186453720
9486735120
9486357120
9483156720
9468315720
9465783120
9456138720
9456831720
9456378120
9453618720
9453681720
9438765120
9438651720
9438576120
9435186720
9435678120
9435867120
9435816720
9417528360
9318675240
9318546720
9315726840
9315648720
9312657480
9312576840
9312765840
9387456120
9387156240
9387645120
9381675240
9381546720
9375468120
9375261480
9375861240
9375846120
9375621840
9375168240
9372615480
9372156840
9351267840
9351726480
9357126840
9357681240
9357618240
9354768120
9327165480
9327651840
9348651720
9348576120
9348765120
9345678120
9345186720
9345867120
9345816720